[Firefly]
alpha_powers: 0.00884009 0.11452539 0.45458026 0.19607118 0.22598309
brightness: 0.820171311116924